1 0.00032918456422315414
4 0.00007924911528361840
9 0.00002049574534684535
16 0.00001130666095496966
36 0.00000366367050369604
64 0.00000129822574701516
100 0.00000066899756375604
256 0.00000017629517351439
625 0.00000003154563049734
1024 0.00000001818669394816
4096 0.00000000200456294875
10000 0.00000000071040441866
16384 0.00000000024000417954
40000 0.00000000004025702783
65536 0.00000000001980346485
100489 0.00000000000796825099
262144 0.00000000000135333684
390625 0.00000000000067580230
640000 0.00000000000027861775
