1 0.00001887879882550345
4 0.00000342303549796976
9 0.00000171638243470433
16 0.00000109742784936209
36 0.00000027264057394788
64 0.00000017223778251708
100 0.00000003584811755166
256 0.00000000981855323828
625 0.00000000353601056072
1024 0.00000000146295109113
4096 0.00000000015687984178
10000 0.00000000002261064534
16384 0.00000000001789465390
40000 0.00000000000305977004
65536 0.00000000000153042683
100489 0.00000000000074054816
262144 0.00000000000014760823
390625 0.00000000000007370553
640000 0.00000000000003978487
