1 0.00002401898856857250
4 0.00000595687759154986
9 0.00000347931861258721
16 0.00000191477902678322
36 0.00000050105743361754
64 0.00000034908065428974
100 0.00000010376875904757
256 0.00000002784236979014
625 0.00000000912414780578
1024 0.00000000505454056597
4096 0.00000000047984683862
10000 0.00000000011901786998
16384 0.00000000007269616029
40000 0.00000000001411456956
65536 0.00000000000777732531
100489 0.00000000000543129715
262144 0.00000000000118644035
390625 0.00000000000059659964
640000 0.00000000000025914529
